2330
2454
2317
3481
2303
3231
2357
2382
2498
2379
2409
2324
4938
3034
2311
2356
2344
2337
2301
8299
2408
2325
2412
3008
2377
2395
2475
4919
5346
2352
6285
9910
2376
2002
9904
3035
3037
5347
2353
2448
6239
2204
5371
3443
3380
6669
3041
6412
2458
2345
2105
2360
6166
3592
2049
8150
3189
4915
1301
3227
6116
1717
2385
6282
8016
4174
4152
6605
4906
3293
6223
3596
3006
2331
1402
2392
5388
2206
2393
3005
2388
8069
8215
3105
4961
6446
2227
2449
5471
2371
1504
6176
6202
3545
2332
3014
2314
2374
8163
2439
3698
9921
6121
1319
1326
4994
6510
6462
2362
2464
4952
6471
1216
4147
3017
3529
2401
2474
6104
3454
3558
5269
5351
4180
8234
8081
3515
2457
2489
3504
2106
6120
1503
2634
6277
1704
2421
6488
6245
3047
3527
3059
6576
3057
2492
2313
3015
3042
6269
5203
1513
3088
1736
6579
2495
1711
4968
2380
5234
3022
3062
3260
6153
3030
4960
5274
6231
2104
1522
6492
3376
1716
3130
6138
2340
8105
2363
6586
6547
3374
6643
3669
2405
3693
4925
5489
2436
5490
3546
3617
6531
8938
1789
2453
2327
1460
6575
6129
3234
6261
6142
2485
9951
6188
1701
2499
6274
6485
8101
6674
2419
8039
6160
2329
2103
6187
6214
4746
2397
3356
4532
6411
6491
4105
6257
4192
5272
1785
4526
4537
5443
6298
3498
6505
8255
4167
3653
3576
4166
2323
6284
3556
6638
3691
4142
2413
1521
8040
5483
4736
8050
2441
3455
3406
6589
5438
3064
2497
6147
6494
4726
3530
6206
8054
2312
4159
3583
1314
2368
3019
4132
3141
4129
6567
3036
3694
1726
1720
2351
3259
3541
3611
4194
3023
6670
6196
3081
3535
8240
3211
3306
3083
3588
6233
1409
4163
6213
3323
1507
6499
2451
4766
6535
6562
5258
6549
2308
6152
1563
3479
1476
8436
3257
3630
3158
4737
2369
3577
2467
3131
4120
6416
1707
3264
6438
2423
2354
2482
5212
4933
2201
5305
6237
6414
1304
6230
3362
1762
1710
5240
3176
3628
8044
3097
1795
3163
3416
1734
3317
6216
3483
3605
3060
3026
3437
1582
2321
3564
1752
2417
1307
5387
1515
8086
4979
2427
6556
5349
8210
6572
3324
6568
2383
3025
4172
3068
3652
2208
3540
8089
1536
2455
3428
3044
9938
1599
6470
3563
4162
1810
3272
5263
2387
8028
4106
2456
1712
8027
1447
6244
1558
3690
3484
6201
9933
1201
4540
6461
1527
6610
4168
4908
5245
8119
1464
1773
6409
3296
3383
3332
3228
6111
6533
6442
3438
6180
5403
3594
3514
2465
3058
3078
3645
1760
3221
1533
4108
2399
8045
1519
1733
2029
4533
1598
8110
2231
3152
8271
1611
2355
6271
8114
3552
5474
3038
8284
6594
2480
1560
1723
6580
2426
2481
5009
2390
8059
2059
6577
9917
5289
6443
1802
6275
8179
3548
5299
8024
2420
2102
1210
3027
4956
1231
2101
2349
5210
6169
4523
8053
1455
4150
3491
6640
6143
3680
2431
1722
6215
9911
4729
1514
6534
4123
3046
1473
6117
3003
6479
6546
1227
8064
2428
8489
4995
5457
6209
3209
6125
2483
4980
3169
3016
8249
6483
6224
3305
3122
3055
8432
6243
8261
6633
4191
9924
3419
8446
8076
4536
3094
6197
6168
2484
6509
6128
3519
3004
3345
3561
3184
2364
6467
1517
6449
1595
9944
5309
6626
8464
4114
1904
8072
3213
1530
3644
2342
3494
6158
4541
9939
8048
6288
6569
3363
6634
8298
8104
6618
2305
3071
2359
8495
3167
3659
3633
3450
8201
4153
8416
4554
3150
6263
8099
4743
1597
2477
3528
4562
2471
6426
5287
2488
8996
1605
3297
5353
3627
6435
4510
3413
9935
1444
2472
3373
6217
3051
3186
6227
6192
3372
8383
4513
4999
6203
1614
4103
6417
2108
6173
3032
6238
3581
6279
8182
6425
6441
8131
8047
3672
2367
4186
5211
5302
4764
4563
4973
6620
3466
1787
1737
6272
1531
1449
4921
8176
8155
8281
3624
4549
4931
3289
6457
3354
2406
4942
9934
4134
2461
8225
1528
8227
4732
4974
3452
2316
4528
8121
4133
4193
3043
2444
1583
6585
4967
3533
4130
6552
6539
6423
8109
4720
3580
3543
5314
1234
3689
3357
3338
3609
3601
3149
4976
8410
4564
9942
3688
8032
1721
4944
4555
5277
8034
6521
6482
4722
8916
4741
6161
8091
3321
3622
6584
3349
6538
6419
4934
6512
1217
2338
6208
2109
5425
6291
4951
2015
4161
1735
2233
3144
3508
3656
6465
4188
5201
1783
2070
3311
3499
8222
6655
1557
4126
4744
1565
2404
2237
3566
6679
3308
3623
4128
6560
6649
4735
4765
8279
6127
6247
4427
3591
1568
6182
1786
5233
5222
6496
2241
8289
1323
4545
3128
4543
3138
4116
4107
3390
4184
6603
5484
8358
5297
4706
8928
1809
6403
4195
6609
2597
8463
5262
4506
3572
1799
6517
3554
1776
1219
4923
4117
8107
6115
1602
2067
4965
8021
6150
8049
3434
3217
4716
5410
8472
3511
6527
8497
3168
3049
8409
6529
6664
4987
1229
5348
4171
1312
2460
3236
4433
6167
6109
6207
3675
5468
4119
5220
9950
5294
5315
3054
3531
4155
6134
4169
6474
3294
4725
3303
3206
3339
3431
1541
5007
3178
1609
6278
6548
7402
1305
3322
4438
6565
5216
6651
3151
8490
8111
4177
4911
1905
1310
4183
1440
1777
3523
3632
1104
6432
2476
9919
2063
6151
5295
5015
4903
3684
6582
3164
4568
6405
1727
1593
6545
5202
6553
1780
5278
3687
6558
5250
3674
3526
6191
9930
6608
4754
3663
1466
4760
5426
2062
4430
4544
4121
5487
6205
6475
6270
8085
5475
1570
1451
3205
3288
3011
3346
3501
3666
2228
4566
5256
3485
6570
5251
6487
6667
2515
6559
4197
1815
4151
8277
2630
1324
1806
8924
8029
1339
3430
4102
5478
1796
5248
2235
1264
3518
8038
2478
5439
4556
6506
6241
5271
1538
1474
1269
1419
2493
3637
4920
2462
5283
6190
4401
6174
5345
6183
4426
3013
3226
6283
3391
1309
3067
1471
3268
4949
4429
3585
4527
3285
4534
4551
6504
1506
3312
2384
6198
5291
1526
6472
8477
5228
6530
4559
5285
6642
6599
4160
6228
4909
1539
2246
6493
1784
1709
2402
1909
3521
2486
8420
2035
6593
8491
4111
6155
3595
1702
4767
1535
4939
1566
6516
6204
5230
8147
6680
6566
8088
3625
4303
7421
4755
4714
6290
4535
1268
5464
3678
8103
2365
6266
1587
6668
6681
3607
3360
8422
1467
1781
8481
6407
6445
1586
4546
4989
4738
6163
8435
8342
6661
2107
3002
3444
4905
6612
1618
8041
6133
3615
1540
8022
1584
8287
8112
4721
5469
3299
1525
6145
1532
3086
4502
1463
6508
5267
2066
2381
5460
3551
1612
5383
3402
8937
1730
1817
2732
3118
4730
8083
1445
4728
3597
5493
3117
8171
3567
6489
4170
8473
6532
6597
2727
8084
5498
3686
4553
4752
4561
8421
3642
5465
3516
6220
1333
1537
6221
6434
2012
8042
2913
1724
8476
9912
2065
6292
2114
6682
3579
2221
4802
1418
5286
6523
8033
2496
8092
6229
1240
8351
8093
3555
1325
8935
6588
8074
6673
5310
6561
3587
6621
6164
1580
3369
1617
6289
1414
3066
6536
9949
6112
6581
3092
8936
1452
2504
8942
4305
5209
6555
8354
4135
1225
1232
4115
1203
2245
1470
4131
4538
8465
1569
8931
1321
8291
3342
2013
3610
2424
5398
3031
5317
1814
4747
3284
5450
3472
1472
5016
1454
6148
4972
8496
5011
3679
4565
2056
6477
8433
2438
2038
1616
4503
5244
3230
2434
3377
1308
4711
1613
8487
6498
3265
5355
8930
1585
5340
6654
5013
1260
5255
3207
4542
6481
6146
4415
1465
6189
8115
2358
3490
3570
3507
3562
3325
6251
2302
6124
2017
5381
3426
2466
6578
6246
8941
1813
3492
6624
5452
5102
6511
6222
6276
6154
6645
4916
6226
8492
6259
1615
1524
5488
3441
3224
8438
1233
6590
7443
8097
3310
3432
8349
1732
1441
1410
6653
8443
4414
6615
4118
1903
2230
3471
4207
8440
3052
4109
3557
2069
1819
5902
3536
2425
1468
6103
8015
1475
4304
3040
2375
5344
4929
2328
4529
6175
5259
8921
1714
6236
8929
6264
4417
3603
4306
4406
3266
9955
4127
4205
3629
6648
3465
1742
8401
5386
2415
6156
1512
5432
4739
4558
3162
8390
1818
6234
5511
2740
8096
2733
6172
3647
6574
6185
3287
1235
6650
8080
6490
1529
8070
2023
6242
4702
3631
1101
1102
1103
1108
1109
1110
1213
1215
1218
1220
1236
1259
1303
1313
1315
1316
1336
1408
1413
1416
1417
1423
1432
1434
1435
1436
1437
1438
1439
1442
1443
1446
1453
1456
1457
1459
1469
1477
1516
1594
1603
1604
1606
1608
1708
1713
1718
1725
1731
1788
1805
1808
1902
1906
1907
2006
2007
2008
2009
2010
2014
2020
2022
2024
2025
2027
2028
2030
2031
2032
2033
2034
2060
2061
2064
2207
2247
2347
2348
2373
2396
2414
2429
2430
2433
2440
2442
2443
2450
2459
2468
2491
2501
2505
2506
2509
2511
2514
2516
2520
2524
2527
2528
2530
2534
2535
2536
2537
2538
2539
2540
2542
2543
2545
2546
2547
2548
2596
2599
2601
2603
2605
2606
2607
2608
2609
2610
2611
2612
2613
2614
2615
2616
2617
2618
2633
2636
2640
2641
2642
2643
2701
2702
2704
2705
2706
2707
2712
2718
2719
2722
2729
2730
2731
2734
2736
2739
2741
2743
2745
2748
2841
2901
2903
2904
2905
2906
2908
2910
2911
2912
2915
2916
2920
2926
2937
2938
2942
3010
3018
3021
3024
3028
3029
3033
3045
3048
3050
3056
3073
3085
3089
3090
3093
3095
3114
3115
3147
3171
3188
3191
3202
3218
3219
3229
3232
3252
3276
3290
3313
3379
3388
3429
3489
3512
3520
3522
3532
3537
3550
3593
3646
3682
3685
3701
3702
3703
3704
3705
3706
3707
3708
3709
3710
4104
4113
4138
4164
4173
4175
4198
4402
4413
4416
4419
4420
4431
4432
4530
4550
4609
4707
4712
4806
4904
4907
4930
4946
4950
4953
5014
5205
5206
5213
5229
5301
5304
5306
5312
5321
5324
5328
5356
5364
5392
5434
5455
5480
5481
5508
5512
5514
5515
5516
5519
5520
5521
5522
5523
5525
5529
5530
5531
5533
5534
5536
5541
5601
5603
5604
5607
5608
5609
5701
5703
5704
5706
5801
5839
5878
5901
5903
5904
5905
6101
6108
6113
6114
6118
6122
6123
6126
6130
6131
6136
6139
6140
6141
6144
6165
6170
6171
6177
6179
6184
6186
6194
6195
6199
6210
6212
6218
6219
6225
6235
6240
6248
6265
6281
6287
6294
6418
6428
6464
6468
6469
6473
6486
6518
6542
6583
6596
6611
6613
6622
6625
6637
6656
6662
6665
6803
8011
8043
8046
8066
8067
8068
8071
8077
8087
8122
8127
8183
8213
8218
8307
8329
8341
8359
8367
8374
8403
8415
8424
8431
8450
8454
8458
8462
8478
8479
8905
8906
8908
8913
8917
8923
8926
8927
8932
8933
8934
8940
8945
8977
9902
9905
9906
9907
9908
9914
9918
9925
9926
9927
9928
9929
9931
9937
9940
9941
9943
9945
9946
9957
9958
9960
9962
